t = 0
b = 32 32 32
E = 0 0 0
1.99273681640625 1.1252899169921875 0.057979583740234375 0.738980447923109 0.464353963419668 0.488142708020897 0.410912526999749 0.263533098345895 -0.872754956224403 0 0 0 0 0 0
2.3195362091064453 0.7820854187011719 0.24971771240234375 -0.450664679621148 -0.892677166966641 0.00536817851768101 -0.871024806323285 0.441034561257304 0.216342977342503 0 0 0 0 0 0
2.874807357788086 0.56549072265625 -0.013690948486328125 0.312391629037345 -0.585333505249334 0.748195276356607 -0.176081958873598 0.738285021383036 0.651099389565891 0 0 0 0 0 0
2.8666000366210938 0.10720062255859375 -0.11893081665039062 0.385858756006332 -0.438632343057244 -0.811612409367075 0.0903151680162812 -0.857555894053446 0.50640016130061 0 0 0 0 0 0
3.195575714111328 0.09130477905273438 0.02860260009765625 0.0406636094724853 -0.0808556136017682 0.995896005196893 0.328581009775595 0.942366062880159 0.0630932313965868 0 0 0 0 0 0
3.2010841369628906 -0.44101715087890625 0.072479248046875 -0.0829484803409243 -0.87519736671574 0.47660168081792 0.520355865519696 0.369837924493896 0.769707566478246 0 0 0 0 0 0
3.144338607788086 -0.7122573852539062 -0.3185462951660156 0.323086722022097 0.400170697243212 -0.857600399322925 -0.145504702743456 -0.874420667739667 -0.462835807245195 0 0 0 0 0 0
3.0907249450683594 -1.0673179626464844 -0.2192840576171875 0.659905484796372 -0.167500617578146 0.732439976078867 -0.516267435272167 0.607172869895278 0.603994261640896 0 0 0 0 0 0
2.7904090881347656 -1.3909225463867188 -0.3689231872558594 -0.14645591686127 -0.294647877393707 -0.944316313064246 0.974853421992507 -0.205076482788368 -0.0872035144366584 0 0 0 0 0 0
2.469633102416992 -1.6167068481445312 -0.2583885192871094 -0.13013534341352 -0.358320757150891 0.924484194226599 -0.900288086303784 -0.347930144195293 -0.261583586689616 0 0 0 0 0 0
1.985483169555664 -1.7138252258300781 -0.5015144348144531 0.396155718546004 0.445567362977943 -0.802826483237749 0.910244811798763 -0.30530917096277 0.279715335498122 0 0 0 0 0 0
1.7605438232421875 -2.2811546325683594 -0.23582839965820312 0.519142841355112 -0.728358793882026 -0.447195918490949 -0.368274614956578 -0.662792385557464 0.651981648987019 0 0 0 0 0 0
1.8341064453125 -2.2057647705078125 0.31249237060546875 -0.886162854359229 0.195904360761588 0.419924866397118 -0.411800956827135 0.0825439858673479 -0.907527675825908 0 0 0 0 0 0
2.116609573364258 -2.482440948486328 0.07861709594726562 -0.459314746449554 -0.29369775856092 -0.838314741143914 -0.139900109075876 -0.908060236138528 0.394784230551353 0 0 0 0 0 0
2.5412521362304688 -2.2590560913085938 0.07884597778320312 0.221573086274841 0.365741591909408 -0.903957107189915 0.597313301000273 -0.783641988769551 -0.170651810708674 0 0 0 0 0 0
2.4353294372558594 -2.112682342529297 0.42610931396484375 -0.780008993427847 0.593432029690588 -0.198555803260013 -0.605974341630069 -0.795478402008397 0.00303730197864763 0 0 0 0 0 0
2.646371841430664 -2.615764617919922 0.9173583984375 0.965079373799347 0.260132440689142 -0.0308695873649445 0.0280217166092154 -0.219681362716512 -0.975169166728365 0 0 0 0 0 0
2.0921382904052734 -2.3815841674804688 0.9811782836914062 -0.524327802998151 -0.314371520296746 -0.791360196292126 0.45956720072532 -0.886855048322177 0.0478140109343118 0 0 0 0 0 0
2.0426864624023438 -2.588642120361328 1.5477752685546875 -0.347079457447886 0.703812710320648 0.619825399899981 0.4845604686711 0.700437538621706 -0.524011852919458 0 0 0 0 0 0
1.5446910858154297 -3.186847686767578 1.1100406646728516 -0.362896316692294 -0.924933790580608 0.113153575754995 0.19369945480475 0.0439020875054491 0.980078113885515 0 0 0 0 0 0
1.5279426574707031 -2.8475685119628906 1.6060409545898438 0.556071375898201 -0.345451192402143 0.75594185860553 0.484452856248255 0.873763397158842 0.0429295462901066 0 0 0 0 0 0
1.5165557861328125 -2.372528076171875 1.3559513092041016 0.315994919599105 0.81660696984488 -0.483011661700415 -0.193381118877748 -0.442973822291763 -0.875430133335149 0 0 0 0 0 0
1.6684436798095703 -2.6546669006347656 0.97003173828125 0.224887905427855 -0.393626386009793 -0.891338144853694 -0.0905048138968026 -0.919254116130096 0.383119739102842 0 0 0 0 0 0
1.1813716888427734 -2.870147705078125 1.1214981079101562 -0.300578746553197 -0.925787468252551 0.229281429294835 -0.348600404061484 0.330405566084819 0.877103134139086 0 0 0 0 0 0
1.0272216796875 -2.4365081787109375 1.2395095825195312 -0.0388817684545178 0.283486623568477 -0.958187640599166 -0.220398945414365 -0.93772980819834 -0.268490577120201 0 0 0 0 0 0
1.2220382690429688 -2.275470733642578 0.8322257995605469 0.352942784474302 -0.397001495036135 -0.847243314258208 -0.110214375349644 -0.916854285497573 0.383706931935441 0 0 0 0 0 0
0.9689903259277344 -2.5839195251464844 0.6281051635742188 0.672843729689878 -0.580779860385588 -0.458231512913615 0.541997396497954 -0.0345793562360274 0.839668480613839 0 0 0 0 0 0
0.38636016845703125 -2.563995361328125 0.7146987915039062 -0.0891626138495831 0.783906252311776 0.614443686815399 -0.988472568740788 -0.145429091680478 0.0420998197498956 0 0 0 0 0 0
0.40606689453125 -2.116870880126953 0.9374237060546875 -0.0336990858102146 0.980299081725794 0.194623025067921 -0.871691631643761 -0.124087605888521 0.474084433714854 0 0 0 0 0 0
0.33715057373046875 -2.1028900146484375 0.5044593811035156 0.727263879811442 0.144663216572068 -0.670939509948087 0.0738111830235803 0.955382530482946 0.286000337697098 0 0 0 0 0 0
0.8318710327148438 -1.9778404235839844 0.33295440673828125 0.069035069773813 0.79045439798105 0.608618108954668 0.00843509821356997 -0.61051429322418 0.791960317658705 0 0 0 0 0 0
1.1653194427490234 -2.3584060668945312 -0.16152191162109375 -0.687022140163677 -0.27355244792145 -0.673178811059822 0.608301385051569 0.290219120708918 -0.738743799101358 0 0 0 0 0 0
1.3416633605957031 -1.9492607116699219 -0.22272491455078125 -0.141763155941046 0.0920072411574744 -0.985615494517865 0.923527293188537 -0.346156043221156 -0.165146556524854 0 0 0 0 0 0
1.5491981506347656 -1.644500732421875 0.0423126220703125 0.505351435664923 -0.2594566855572 -0.822983689827107 0.79285568530324 -0.236820389053698 0.561512211785566 0 0 0 0 0 0
1.3165950775146484 -1.196197509765625 -0.06501007080078125 0.522419415963832 0.507403456633203 0.685288038393263 -0.691210723782419 0.722607899770082 -0.00810148129065695 0 0 0 0 0 0
1.710550308227539 -1.010772705078125 -0.22565078735351562 0.344915013082489 0.425711565855064 0.836542457572153 -0.935631480189092 0.227161431354179 0.270169297499221 0 0 0 0 0 0
1.7955741882324219 -0.6847419738769531 0.29290771484375 -0.580829555814392 -0.180645752310516 0.793728011054589 -0.500466756864637 0.848259728501541 -0.173171880812238 0 0 0 0 0 0
1.779855728149414 -1.2906990051269531 0.2847099304199219 -0.846217274225583 -0.515520663307453 0.134739702271688 0.0161048862566016 0.228010816142702 0.973525429513787 0 0 0 0 0 0
1.974496841430664 -1.3533058166503906 -0.05519866943359375 -0.358298610811624 0.0108573195178363 -0.933543919173053 -0.268690117803722 -0.958825634744688 0.0919731861456508 0 0 0 0 0 0
2.4053001403808594 -0.9746322631835938 0.018413543701171875 -0.347023759215492 0.646799195445885 -0.679135716216297 -0.117591160624038 -0.748429182101401 -0.652706754292403 0 0 0 0 0 0
2.4628429412841797 -0.9070243835449219 0.5192070007324219 -0.346026406635762 -0.32910174318665 0.878611291640708 0.114807308252664 0.914571536308301 0.38778633346531 0 0 0 0 0 0
2.325216293334961 -1.2738151550292969 0.7271232604980469 -0.679101564566793 -0.730850842586387 0.0683969841602556 0.160002542462234 -0.0564446868273546 0.985501509629377 0 0 0 0 0 0
2.759645462036133 -1.5573883056640625 0.6389045715332031 0.295773902083804 -0.870951815682879 0.392378310659006 0.536760533290029 0.491307589559073 0.685933645604454 0 0 0 0 0 0
2.7854957580566406 -1.055877685546875 0.8831901550292969 -0.895272990703792 0.0291335940712467 -0.444564401639096 -0.323352828577198 -0.728934021456927 0.603405455646952 0 0 0 0 0 0
2.529468536376953 -0.9179840087890625 1.2127399444580078 -0.955328194058938 -0.0615482542270354 0.289067205716147 -0.221003012360269 -0.500624597915573 -0.836978298343375 0 0 0 0 0 0
2.7447566986083984 -1.5409202575683594 1.2781829833984375 -0.145822623168611 -0.797999735839109 -0.584749677037389 0.989282000836341 -0.122126522216632 -0.0800389741032308 0 0 0 0 0 0
3.340412139892578 -1.41571044921875 1.2619075775146484 0.424311527864732 0.0378120674768175 -0.90472647315187 0.123508792980766 -0.992207026260492 0.0164566928014377 0 0 0 0 0 0
3.1908645629882812 -1.01861572265625 1.5761680603027344 -0.195818292790612 0.927404518745941 -0.318709974308825 0.224746613350429 -0.27390940941229 -0.935127057319121 0 0 0 0 0 0
3.143054962158203 -0.603302001953125 1.2678356170654297 0.0985346014978046 -0.471621932065624 -0.876278320835348 -0.973434964621468 -0.22856211973119 0.0135549148528887 0 0 0 0 0 0
2.9354610443115234 -0.2459564208984375 1.4322662353515625 0.566601423321476 0.817100899859815 0.106343618293381 0.747930030576738 -0.455839540533282 -0.482504927364394 0 0 0 0 0 0
2.558452606201172 -0.35810089111328125 1.0772075653076172 -0.912479193713538 -0.376632598553826 0.159779827815768 0.113969646914328 0.141079524227971 0.983416227632525 0 0 0 0 0 0
2.308612823486328 0.15501022338867188 1.0082378387451172 -0.0682855971201062 0.85792284882934 -0.509220444174168 0.868140130593652 -0.200407926507801 -0.454058767124102 0 0 0 0 0 0
2.024789810180664 -0.08696365356445312 0.6603813171386719 -0.941888818318477 0.230471189442317 0.244394112470392 -0.278011889392484 -0.12643310882033 -0.952220583786696 0 0 0 0 0 0
1.7411785125732422 0.3143119812011719 0.3544502258300781 -0.224427322221514 0.306967577047822 -0.924880145310347 0.853475637587879 -0.396156133749948 -0.338584779930619 0 0 0 0 0 0
1.5089950561523438 0.02086639404296875 0.4085350036621094 -0.607210344127643 0.383348293713201 0.695945177412907 -0.531377621376332 0.455267745219759 -0.714401237899322 0 0 0 0 0 0
1.1224441528320312 0.08498382568359375 0.2769660949707031 0.387087270705777 0.460592915071922 -0.798760047325507 0.470723975968458 -0.843611481262312 -0.258338175923288 0 0 0 0 0 0
0.7429428100585938 -0.0753936767578125 0.502899169921875 -0.556524108490404 0.65301330301566 -0.513667745833872 -0.15584358672878 -0.689331721530892 -0.707484696929961 0 0 0 0 0 0
0.60723876953125 -0.490570068359375 0.13652801513671875 0.874532712807878 -0.0204326509782223 -0.484535918169466 0.253257569771781 -0.832814165503847 0.4922207276705 0 0 0 0 0 0
0.9689521789550781 -0.5558204650878906 0.12642288208007812 0.704174170062544 0.511240479136894 0.492718913250201 0.535135094815974 0.0739500272332049 -0.841523540726875 0 0 0 0 0 0
1.2095050811767578 -1.0745582580566406 0.47674560546875 0.538823544542561 0.520531736306565 0.66235634263044 -0.250662760403764 0.849709457518964 -0.463855656539996 0 0 0 0 0 0
1.3339157104492188 -0.6693344116210938 0.800537109375 -0.290211350122646 0.955703158479627 0.0490799953822699 0.178932107917972 0.104574833830069 -0.978287999234106 0 0 0 0 0 0
1.1770896911621094 -0.8248634338378906 1.1905059814453125 -0.654844011052908 -0.540014877582613 0.528737428605982 0.75557945731909 -0.483253508616832 0.442228178166996 0 0 0 0 0 0
1.204437255859375 -1.1960372924804688 0.9259490966796875 0.994958329488862 0.00491328114520793 -0.100168868458699 0.0674983242183035 0.705914958011308 0.705073113799256 0 0 0 0 0 0
1.7996139526367188 -1.0083961486816406 0.842987060546875 0.744288667325191 0.62464400091782 0.236335045092394 -0.426327454655454 0.71676443046604 -0.551809439304437 0 0 0 0 0 0
1.8446369171142578 -1.0072441101074219 1.3647499084472656 -0.679643429319126 0.616009879025706 0.398267086977471 0.593719512707469 0.780808485100768 -0.19451311064351 0 0 0 0 0 0
1.5021114349365234 -1.3530960083007812 1.5383434295654297 -0.745624803250112 -0.578325100909951 -0.331034363119764 -0.242502801342315 -0.227216144813584 0.943167664752436 0 0 0 0 0 0
1.7153759002685547 -1.7065353393554688 1.2631702423095703 -0.0238099251783062 -0.332027093840986 -0.942969301996422 -0.8938378099068 -0.415391143453398 0.168831928173695 0 0 0 0 0 0
2.1769866943359375 -1.5306777954101562 1.3247909545898438 0.0636658821428905 0.351998043829244 0.933832985456392 0.967146378165145 0.209007276658885 -0.144720079857957 0 0 0 0 0 0
2.0861968994140625 -1.3976860046386719 1.7414970397949219 -0.341691999603277 -0.685348764572811 0.643073587913787 0.481383072633179 0.460050128464688 0.746072521069132 0 0 0 0 0 0
1.8274383544921875 -1.8531074523925781 1.9821395874023438 -0.970281195615049 -0.221602722453544 -0.097193899476376 0.0801084324101533 -0.673176852562206 0.735129633158725 0 0 0 0 0 0
2.170185089111328 -1.9494743347167969 1.7088603973388672 0.558960853117356 -0.0101290926266949 -0.829132218268117 -0.492834895610627 -0.808201767303894 -0.322372049764515 0 0 0 0 0 0
2.4399757385253906 -1.9010009765625 1.9682083129882812 0.769900397236147 0.526223535254308 0.361029329576752 -0.523000598200146 0.844463092818733 -0.11555289132241 0 0 0 0 0 0
2.041311264038086 -2.0348548889160156 2.2859630584716797 -0.625997476810035 -0.762821144949696 0.161960206271121 0.118208132220886 0.112466512483647 0.986599305886534 0 0 0 0 0 0
2.3928775787353516 -2.1281280517578125 2.707447052001953 0.427927766054346 0.0951047291486198 0.898795258382116 -0.606853959756092 -0.706712707295004 0.363710620112996 0 0 0 0 0 0
1.9543170928955078 -2.4852828979492188 2.950654983520508 -0.361235636337606 -0.891169197134724 0.274456411680818 -0.284706534304755 0.385684689621547 0.877604442819481 0 0 0 0 0 0
2.4631710052490234 -2.55841064453125 3.1268272399902344 0.774342832618561 0.444718665486409 0.450131633835657 -0.0403752366607642 0.744646841098194 -0.666236388574519 0 0 0 0 0 0
2.5184459686279297 -2.0240325927734375 3.2265548706054688 -0.069114173195786 0.832243983929706 -0.550084708690293 0.862910763935228 0.326571200202539 0.385663426417901 0 0 0 0 0 0
1.6938972473144531 -1.9990158081054688 3.4538326263427734 -0.163077751932244 -0.9319919926615 0.323722979154508 -0.905852892894274 0.0114247185075824 -0.423438293535028 0 0 0 0 0 0
1.8174114227294922 -1.5833168029785156 3.420438766479492 0.486893893073043 -0.148774538642603 -0.860697673378609 0.219579860911398 0.974590700431929 -0.044245721015428 0 0 0 0 0 0
1.986602783203125 -1.2506561279296875 3.065561294555664 0.244653940552076 0.353433623970057 0.902900417694464 0.369818324830361 -0.894820078737373 0.250063009687436 0 0 0 0 0 0
2.3056373596191406 -1.2513160705566406 2.763225555419922 0.278355953564466 -0.935903521766734 -0.215876303590602 0.107622223955095 0.253735778026799 -0.961267726058492 0 0 0 0 0 0
2.149343490600586 -1.0268898010253906 2.470806121826172 -0.966174780712131 -0.193946714690402 0.169973579479222 -0.168750005672373 0.973867879416235 0.152002818949995 0 0 0 0 0 0
1.850738525390625 -0.6293678283691406 2.513896942138672 -0.2068123498929 0.954880385798826 0.213148061149868 -0.745840137943574 -0.294868056023397 0.597306709974032 0 0 0 0 0 0
1.545858383178711 -0.5643577575683594 2.1820106506347656 -0.183175977738903 -0.967229405013661 -0.175823335864847 0.698733076604282 -0.00228572542393151 -0.71537885678208 0 0 0 0 0 0
1.305685043334961 -0.0962677001953125 2.0908946990966797 0.395706853929604 0.869559693251587 0.295435340291731 -0.905973374715346 0.316920101946917 0.280666924202729 0 0 0 0 0 0
1.003915786743164 -0.02605438232421875 1.930694580078125 -0.549583336175415 0.296433013084888 0.781079795217093 -0.681371618159154 0.381944045721738 -0.624380911375083 0 0 0 0 0 0
0.7689170837402344 0.4670219421386719 1.9291725158691406 -0.214243234114132 -0.31518923718381 -0.924529921507389 0.637868446111585 -0.761964764846058 0.111953210984713 0 0 0 0 0 0
0.3701515197753906 0.17280960083007812 2.013498306274414 -0.222973496489961 -0.307007421225132 -0.925218490211468 0.886787665878696 -0.458036678664455 -0.0617254061803185 0 0 0 0 0 0
0.17244338989257812 -0.23032760620117188 2.220794677734375 -0.704260905525773 -0.1962893543769 0.68226615568664 -0.15308882409158 0.980397075653784 0.124038146572527 0 0 0 0 0 0
-0.044353485107421875 -0.24779891967773438 1.9224128723144531 -0.57976812786562 0.682782633647862 0.44460861061909 -0.576248911713457 0.0421692122004955 -0.816185632440216 0 0 0 0 0 0
0.272674560546875 -0.22661590576171875 1.692840576171875 0.834528119877613 0.280744839251627 -0.474072955183247 0.196795632311877 -0.955567687905956 -0.219458216666461 0 0 0 0 0 0
0.5303306579589844 -0.39336395263671875 2.0171642303466797 -0.336740829355101 -0.897548117983067 0.28462781555081 0.268733672116051 0.198098873030795 0.942623504809023 0 0 0 0 0 0
0.21675872802734375 -0.801177978515625 2.174409866333008 -0.810792252548475 -0.136992073598352 0.569077418334141 -0.117014663079514 0.990536326278328 0.0717319563523739 0 0 0 0 0 0
0.19940948486328125 -0.6847877502441406 1.7227096557617188 -0.181537615819531 0.911769651124125 -0.368402232554189 -0.659706416459595 -0.390735874170678 -0.641960229537463 0 0 0 0 0 0
0.6654815673828125 -0.8932380676269531 1.5865859985351562 0.958899911793013 0.209472596688563 0.191395485012528 -0.0169787132710218 0.715685103114777 -0.698216733308114 0 0 0 0 0 0
0.5648002624511719 -1.1637191772460938 2.011606216430664 -0.384699237180624 -0.105247001891738 0.917022120542672 0.819712475625924 0.417784258866859 0.391826213490416 0 0 0 0 0 0
0.2035980224609375 -1.4324226379394531 1.8195438385009766 -0.892356573374846 0.45061079310931 -0.0254882995404395 0.180674249054244 0.304901755264308 -0.935089153420405 0 0 0 0 0 0
0.5188102722167969 -1.4647712707519531 1.4778804779052734 0.79999030940983 0.208431357185792 -0.562647218182198 -0.0742167690513601 -0.896150183118745 -0.437500594272362 0 0 0 0 0 0
0.8729171752929688 -1.4891281127929688 1.7671794891357422 0.47502686723529 -0.394782906959164 0.786445128466715 0.791383421089716 0.582456274695198 -0.185625926756552 0 0 0 0 0 0
0.5940895080566406 -1.7185325622558594 1.9018306732177734 -0.536577687985161 0.0710182650371156 0.840857173942213 0.634999471231188 0.690235168261018 0.346916517175064 0 0 0 0 0 0
0.4871368408203125 -1.9585609436035156 1.5959243774414062 0.787021876071009 -0.227328903429419 -0.573513872458578 0.062325696813952 -0.895578286090777 0.440516842039889 0 0 0 0 0 0
1.1458797454833984 -2.0034942626953125 1.3661689758300781 0.49100620449503 0.824988757971689 -0.279832958018936 0.169233284983846 -0.405430177520752 -0.898324284198988 0 0 0 0 0 0
1.1020851135253906 -2.081439971923828 1.7727241516113281 -0.250654959655943 -0.841144707658802 0.479215699591593 -0.740453408618583 0.485463813934888 0.464815731296996 0 0 0 0 0 0
0.7192039489746094 -2.4737091064453125 1.7312602996826172 -0.834199562127268 -0.544436081552327 -0.087752511798747 0.118862091159685 -0.332898579180641 0.935441304441922 0 0 0 0 0 0
1.072366714477539 -2.9178619384765625 1.8374385833740234 -0.263508046367471 -0.456954994828749 -0.849562022163605 0.862828684283771 -0.505478491070984 0.00425940258961087 0 0 0 0 0 0
1.4162616729736328 -2.552722930908203 2.1177024841308594 -0.119822139146524 0.79982753601303 -0.588148441434444 -0.0525070715497152 -0.596692898600276 -0.80075007240707 0 0 0 0 0 0
1.1993522644042969 -2.495006561279297 2.55322265625 -0.0748749544103835 -0.105368779937544 0.991610391142805 -0.0178411415043549 0.994384141744474 0.104316363613688 0 0 0 0 0 0
1.440145492553711 -2.1929092407226562 2.5490341186523438 0.0784527464237418 0.375240630124954 -0.923601467215287 -0.268223424186298 -0.884349264708014 -0.382076745543304 0 0 0 0 0 0
1.1736259460449219 -2.0099716186523438 2.8096923828125 -0.132703760151049 0.457149090017171 0.879434156769236 0.0830939698552578 0.889289233567479 -0.449733360867837 0 0 0 0 0 0
1.0469112396240234 -1.4733200073242188 2.5718841552734375 -0.736344672367556 0.169507288159816 -0.655029621217868 0.138473207431059 -0.909864459271147 -0.391116152242609 0 0 0 0 0 0
0.8153915405273438 -1.4220161437988281 2.9797420501708984 -0.253455768556624 0.491533458019647 0.833159681277364 0.0922338820923725 0.869638772345725 -0.484996271971972 0 0 0 0 0 0
0.6340904235839844 -0.8364219665527344 2.7967605590820312 -0.497341987901666 0.183998452242723 0.847818092682705 0.394278323991266 0.918434996034351 0.0319650498909448 0 0 0 0 0 0
0.7297744750976562 -0.4303321838378906 3.0433387756347656 0.485268566275101 0.859654570907465 -0.159713588494128 -0.849222368703816 0.419895908209933 -0.320169914892404 0 0 0 0 0 0
0.3490638732910156 -0.13816452026367188 2.9332122802734375 -0.594871021111748 -0.589555703717023 -0.546399604234409 0.702734200494456 -0.0514209883114639 -0.709591791178367 0 0 0 0 0 0
0.8305740356445312 -1.2130088806152344 4.044044494628906 0.369222571217907 0.319046660809777 -0.872859653161916 -0.0428257395221104 -0.932385434472769 -0.358919867424232 0 0 0 0 0 0
0.9350776672363281 -1.0088310241699219 3.602619171142578 0.12505843857847 0.985650033959458 0.113377227025976 0.0129912324445145 0.112637763109466 -0.993551186430031 0 0 0 0 0 0
1.313253402709961 -1.1260032653808594 3.8744659423828125 -0.328931633461071 -0.666691266467984 0.668824907477536 0.222142690466973 0.633736670514804 0.740965915118257 0 0 0 0 0 0
1.4313240051269531 -1.720123291015625 3.6300601959228516 -0.868165328047815 -0.49291192448736 -0.0576787910344447 -0.481164886762878 0.864488805845794 -0.145394393218919 0 0 0 0 0 0
1.39617919921875 -1.5974807739257812 3.1253623962402344 0.766302906666313 0.599533776749697 0.230952657615319 0.401993155583055 -0.167005842741934 -0.900283636707537 0 0 0 0 0 0
1.7030162811279297 -1.6509056091308594 2.903545379638672 0.227508343590502 -0.969042913778336 -0.0958947540824826 0.547073600888523 0.04572722746894 0.835834653128831 0 0 0 0 0 0
1.5426597595214844 -1.4062461853027344 2.667276382446289 -0.00518073929105223 -0.233051468775353 -0.972450607312754 0.897424149726886 0.427913275467052 -0.107332080201041 0 0 0 0 0 0
1.2748069763183594 -0.9577903747558594 2.7700271606445312 0.231837496060726 0.785003049041154 0.574475062859906 -0.886026720269445 0.41416761216432 -0.208379140522752 0 0 0 0 0 0
1.0966377258300781 -0.7192955017089844 2.5069236755371094 -0.547699065730952 -0.340981446623785 -0.764040174879267 0.723445287311756 0.265732255173894 -0.637191728881818 0 0 0 0 0 0
0.8417320251464844 -0.302459716796875 2.5217227935791016 0.78353643780695 0.53973847687562 -0.307819835073948 -0.613517052723208 0.59365641344175 -0.520738891728834 0 0 0 0 0 0
0.785736083984375 0.1229095458984375 2.4143218994140625 -0.943579388622693 0.0618064090107545 0.325327444408289 0.327438984933281 0.320739154142342 0.888768917450915 0 0 0 0 0 0
1.0498313903808594 0.3357887268066406 2.749340057373047 -0.291106295732573 0.763577270934242 -0.576373924960896 0.802254103054056 -0.133380171845767 -0.581891873812192 0 0 0 0 0 0
0.8614082336425781 0.5782470703125 3.0561141967773438 -0.186706336474641 -0.843264671330737 0.504029227213797 -0.198598525407163 0.534855600889601 0.821272269398655 0 0 0 0 0 0
0.5860633850097656 0.22464752197265625 3.1339359283447266 -0.843166335134208 0.535298760638996 -0.0502570126188909 0.445380035259678 0.643041070184792 -0.623004653700882 0 0 0 0 0 0
1.212656021118164 -0.049991607666015625 3.13629150390625 0.915049000838713 -0.174919384332963 0.363439915184235 0.0838994345875634 -0.798814890471932 -0.595697664790369 0 0 0 0 0 0
1.4165306091308594 0.3959541320800781 3.3158321380615234 0.439279117832595 0.870870140458122 0.220497279335815 -0.608924020036742 0.469104159646665 -0.639650526871501 0 0 0 0 0 0
1.0927734375 0.5160903930664062 3.6361942291259766 -0.762244619507029 0.604682022754514 -0.230960659897773 0.422350855006272 0.194229584620772 -0.885378321553164 0 0 0 0 0 0
1.1383953094482422 -0.0609130859375 3.6159400939941406 -0.682394810128574 -0.716909323948112 -0.14275288978003 0.534695269100177 -0.622704383046434 0.571262018046768 0 0 0 0 0 0
1.785369873046875 -0.14459609985351562 3.746877670288086 0.789231062685019 0.146711032177127 -0.59631386541147 -0.385827718509197 -0.636990610139516 -0.667367954538348 0 0 0 0 0 0
1.7032394409179688 0.3112525939941406 3.9040451049804688 0.583446688848526 0.785542007456838 -0.206188589617619 -0.756394251858619 0.433140831645373 -0.49015998309317 0 0 0 0 0 0
1.3695430755615234 0.106231689453125 4.293664932250977 -0.858854388675937 0.42894315689772 -0.279958824535852 0.235818911194576 -0.154071694497743 -0.959505825664431 0 0 0 0 0 0
1.6468391418457031 -0.2803497314453125 4.258142471313477 0.298420533115502 0.336613863400222 0.893104889500804 -0.621178394477935 0.778933563613987 -0.0860228738108554 0 0 0 0 0 0
1.2861709594726562 -0.4231910705566406 4.136470794677734 -0.71837902715784 0.693316845069744 -0.0569504637211983 0.587536544816562 0.560861790767928 -0.583296603470405 0 0 0 0 0 0
1.5791950225830078 -0.7008781433105469 3.7962779998779297 -0.256599133406919 -0.217300861657548 -0.941773458239256 0.823108151738863 -0.559867639904565 -0.0950856305403298 0 0 0 0 0 0
1.8947868347167969 -0.8590240478515625 3.775135040283203 0.684696226734438 -0.652122903118957 0.325464038168762 -0.515840114394825 -0.118133070920458 0.848500823568838 0 0 0 0 0 0
2.136211395263672 -0.6904525756835938 3.4467315673828125 0.301485485545742 0.953458832720947 -0.00476951901151889 -0.168766247885691 0.048439585474349 -0.984465113291446 0 0 0 0 0 0
2.5854740142822266 -0.78033447265625 3.5268802642822266 0.221896401875548 -0.740859859251495 0.633946884703582 -0.317588213066645 0.559788926093023 0.765358799815353 0 0 0 0 0 0
2.673959732055664 -1.084564208984375 3.3051109313964844 0.353053778263933 -0.63632793127557 0.685886134283976 -0.381922563171005 0.571214046326909 0.726532627893053 0 0 0 0 0 0
2.495603561401367 -0.8322563171386719 2.956707000732422 -0.346458877273093 0.926966845102 -0.143870520931762 -0.112068980672837 -0.193172138078784 -0.974743631914542 0 0 0 0 0 0
2.5872039794921875 -0.996673583984375 2.551197052001953 -0.255567456963053 -0.964080006493724 -0.0723534134207252 -0.289175502308771 0.00481550323744739 0.957263987195586 0 0 0 0 0 0
2.5796470642089844 -0.8628768920898438 2.0869388580322266 -0.315933867147172 -0.647424520393697 -0.693561313078433 -0.839729078717703 -0.149457497909089 0.522032142864539 0 0 0 0 0 0
2.089426040649414 -0.5395622253417969 2.1996116638183594 -0.602980099046699 0.549068966361983 0.578738540979215 0.670148539601371 0.742203326348491 -0.00593463781470915 0 0 0 0 0 0
1.9066028594970703 -0.3177299499511719 1.8820438385009766 -0.0206096033987233 -0.436597416795487 -0.899420917041559 -0.944469129297293 -0.286591368020843 0.160759214086741 0 0 0 0 0 0
1.7332592010498047 0.10118484497070312 1.8726272583007812 -0.135026725877743 0.197205962001704 0.971018863752553 0.369906345757787 0.919173458731303 -0.13523862198286 0 0 0 0 0 0
1.4129371643066406 -0.0890045166015625 1.4786701202392578 -0.26016484308966 -0.321543871155298 -0.910452536676562 0.798105043237018 -0.602323086392625 -0.0153391567048111 0 0 0 0 0 0
1.2556953430175781 0.3909339904785156 1.2805290222167969 -0.668583397007198 -0.235447074786735 -0.705379977020914 -0.439346123821986 -0.640241166219485 0.630131913265675 0 0 0 0 0 0
1.5402202606201172 0.7032012939453125 1.4228134155273438 -0.402225233543281 0.91466508163478 0.0400330286790977 -0.543559009467758 -0.203388098928336 -0.814356742406165 0 0 0 0 0 0
1.4062557220458984 1.00115966796875 1.2884788513183594 -0.700194094420678 -0.337205799425781 -0.629301647217904 -0.694739748482167 0.524914755615769 0.491732946833514 0 0 0 0 0 0
0.9168014526367188 0.9678878784179688 1.5018444061279297 -0.864210736095301 0.0371090407253521 -0.501759657316946 -0.442683990435318 -0.530021811411244 0.723261927744517 0 0 0 0 0 0
1.1661014556884766 0.7582015991210938 1.8016033172607422 0.823425879292824 -0.536002356729736 -0.186202300227532 0.535108900930971 0.624369610517066 0.569052771035724 0 0 0 0 0 0
1.255044937133789 1.172403335571289 1.8819961547851562 0.830182055795601 0.376271049474969 0.411361068495037 0.17306452687056 -0.875364477470539 0.451426411495316 0 0 0 0 0 0
0.837371826171875 1.3960113525390625 1.4662189483642578 -0.996783439451941 -0.0798736173622519 0.00655608899060325 -0.0382777452551552 0.546362272021939 0.836673825640921 0 0 0 0 0 0
0.5237541198730469 1.3579998016357422 2.0088443756103516 -0.114966951169029 -0.839418236431411 0.531186997303888 0.944168419207995 0.0738647301717119 0.321076318184088 0 0 0 0 0 0
1.0079689025878906 1.5190620422363281 2.2793006896972656 0.165213660293596 -0.856243301242003 0.489440355611621 0.966757487423799 0.238793928278383 0.091419018144811 0 0 0 0 0 0
1.1875686645507812 1.256326675415039 2.5175838470458984 -0.819322527471565 -0.330168308026397 0.46872110394035 0.50549727194988 -0.0302517614460475 0.862297698453658 0 0 0 0 0 0
1.5781631469726562 1.3332386016845703 2.403116226196289 0.82563551863491 0.418071351506543 -0.378869825049493 0.0882388869471805 -0.758930228546502 -0.645165740308945 0 0 0 0 0 0
1.7473068237304688 1.4545631408691406 2.750070571899414 0.458515776777939 0.886711065389447 -0.0592181933055899 -0.29712392407847 0.0901587919125 -0.950572888350172 0 0 0 0 0 0
1.6248817443847656 0.7353515625 3.0486297607421875 -0.818040424955448 0.421163465225734 0.391703062602297 0.27818789379454 0.885798322234259 -0.371447042949094 0 0 0 0 0 0
1.6469745635986328 0.6321868896484375 2.548147201538086 -0.228611345719134 0.529330778935088 -0.817034739835448 -0.650654406224599 0.541199913379593 0.532683289965256 0 0 0 0 0 0
2.2083778381347656 0.9833946228027344 2.8589859008789062 0.637471552748245 0.524545445794916 -0.56434217240149 0.21442434678511 0.582742264528186 0.783858172580304 0 0 0 0 0 0
2.042705535888672 0.8308830261230469 3.264253616333008 -0.101272554162532 0.633302939718682 0.767249151938455 -0.0134693044627451 0.77027067518225 -0.637574840698513 0 0 0 0 0 0
1.9152679443359375 0.396026611328125 3.1247730255126953 -0.783598979166233 -0.383042370650432 -0.489133085353011 -0.451377039654624 -0.189967793352132 0.871877850551906 0 0 0 0 0 0
2.4148807525634766 0.4428253173828125 2.6656570434570312 -0.21844038979249 0.265765131263293 -0.938963635790012 -0.661619730695944 0.666948978212653 0.342692979078871 0 0 0 0 0 0
2.799245834350586 0.5787391662597656 3.159259796142578 -0.227957979234583 0.61199694985598 0.757294451019036 0.799754382272006 -0.325937195292899 0.504140707965876 0 0 0 0 0 0
2.4828739166259766 0.27716827392578125 3.3577003479003906 -0.852322419212428 0.355798790922281 0.383345427301243 0.513938657337628 0.705723232990095 0.4876697482625 0 0 0 0 0 0
2.5356197357177734 -0.10927200317382812 3.2064437866210938 -0.645060452134734 -0.0440675445454572 -0.762859795848229 0.661146820303396 -0.532733870850876 -0.528279764247558 0 0 0 0 0 0
3.009061813354492 -0.4942207336425781 3.192647933959961 -0.78733042133173 -0.470506846321473 -0.398414562317083 0.294934285768541 -0.854914584238154 0.426772634001741 0 0 0 0 0 0
3.4144954681396484 -0.08904647827148438 2.7517166137695312 0.752276395874245 -0.601175610063903 0.269570259300136 0.0989032019613593 0.507560978106084 0.855920578255866 0 0 0 0 0 0
3.3004798889160156 -0.3496856689453125 2.5305862426757812 0.308281304749649 -0.898188670055354 -0.313400291192056 -0.2602464919847 -0.396506723179243 0.880371606717986 0 0 0 0 0 0
2.863656997680664 -0.39580535888671875 2.4596710205078125 -0.493798493033096 0.869456654900594 -0.0144283036058761 -0.25445266365459 -0.160339937046185 -0.9537006611689 0 0 0 0 0 0
2.779460906982422 -0.462860107421875 1.922332763671875 -0.520187768047208 -0.602585187887951 -0.605223753542261 0.228177598060002 -0.780947875857312 0.581425340854402 0 0 0 0 0 0
2.558500289916992 -0.15340805053710938 1.8057193756103516 0.249818294826758 0.902835825464355 -0.349968997338985 -0.130062361516531 -0.326866057602206 -0.936078197737029 0 0 0 0 0 0
2.2080631256103516 -0.172271728515625 1.5246315002441406 -0.763853675680066 -0.644921434054632 -0.0245754611096132 -0.553109951017042 0.634539617225584 0.539841577864481 0 0 0 0 0 0
1.9905586242675781 0.16736221313476562 1.265462875366211 0.172915304747976 0.641729327572902 -0.747183914965067 -0.370900405406757 -0.660342074630176 -0.652978783807382 0 0 0 0 0 0
1.6245384216308594 0.10355758666992188 1.0565681457519531 -0.3919127598691 -0.541550861630214 0.743725129658994 0.498722243673533 0.554254279656718 0.666392028852792 0 0 0 0 0 0
1.4483451843261719 0.43289947509765625 0.8621292114257812 0.516365744890707 0.797453994057776 -0.312143452489628 0.0675140217470499 -0.401270742887409 -0.913467914763797 0 0 0 0 0 0
1.410116195678711 0.5552558898925781 0.45440673828125 0.280027212886136 0.959309711154643 -0.0361888082685193 -0.369520063943532 0.0729190071539988 -0.926357230540873 0 0 0 0 0 0
1.460012435913086 0.963348388671875 0.45696258544921875 -0.456385520526412 0.244349691117841 0.855573195894805 0.217841120617085 0.962975134003356 -0.158821174761481 0 0 0 0 0 0
1.844045639038086 1.0629234313964844 0.6072120666503906 0.596314134254045 -0.785895579192802 -0.163638583377309 0.0813973531276002 -0.143601110278891 0.98628250344393 0 0 0 0 0 0
1.8154964447021484 1.532552719116211 0.779754638671875 -0.332239180676154 -0.643510702946834 0.689573143628054 -0.338088115751216 0.763772678852694 0.549861578899711 0 0 0 0 0 0
2.0507850646972656 1.7312259674072266 0.9845237731933594 0.564735541551932 0.650164204862066 0.508291600637737 0.139540515506977 0.531812840399864 -0.835286579807432 0 0 0 0 0 0
1.8545608520507812 1.5905914306640625 1.4618606567382812 -0.463128935253206 -0.249763093233295 0.850370521295561 -0.834590551501231 -0.200007635027744 -0.51327928806671 0 0 0 0 0 0
1.904022216796875 1.1323280334472656 1.3242015838623047 0.0904515870437356 -0.818930453916928 -0.566719875792519 0.0259395095876524 -0.566922166212226 0.823362856529742 0 0 0 0 0 0
2.437196731567383 1.2041664123535156 1.1962833404541016 0.318486833142788 0.16824005204005 -0.932878038957665 0.924187378869412 -0.273977286737222 0.266109336679103 0 0 0 0 0 0
2.614877700805664 1.3432464599609375 1.6893348693847656 -0.154992206771802 0.901284310631978 0.404554122399512 0.309650624112014 0.433187671189373 -0.846442529177766 0 0 0 0 0 0
2.4149169921875 1.0040359497070312 1.8173809051513672 -0.642678284172594 -0.764577715072012 -0.048842102162481 -0.287577619938186 0.181655999064487 0.940372381905869 0 0 0 0 0 0
2.6304244995117188 0.7205581665039062 1.4683723449707031 0.432167851208074 -0.165459202356301 -0.886484187963819 0.684972294993331 0.699615918970093 0.203348367950218 0 0 0 0 0 0
3.066751480102539 1.0839080810546875 1.4238452911376953 0.500829789888274 0.857118269918363 0.120490019767662 -0.86252638969166 0.482605659847323 0.152118793064439 0 0 0 0 0 0
3.050464630126953 1.042531967163086 1.8958969116210938 -0.26961665702287 0.280722778023788 0.921141465957714 0.103674060389058 0.959467333972406 -0.26205756435555 0 0 0 0 0 0
2.931093215942383 0.6925392150878906 1.9949111938476562 -0.557760819293924 0.460404014382694 0.690601930364058 -0.385024009017615 0.593587444508904 -0.706689824303282 0 0 0 0 0 0
3.0202560424804688 0.4756317138671875 1.6493568420410156 -0.683098085656251 0.235214104407169 -0.691412564093269 -0.47393637182939 -0.863070102726626 0.174626224666864 0 0 0 0 0 0
3.4328346252441406 0.2602272033691406 1.5246124267578125 0.431843852077623 -0.609776006590313 0.664593209724344 -0.0284720004849216 0.727258315715905 0.685773085471567 0 0 0 0 0 0
3.4640235900878906 0.1187896728515625 1.101156234741211 0.436210578970614 -0.789973913972523 -0.430884607231702 -0.390034641323447 -0.597511824926416 0.70060873228291 0 0 0 0 0 0
3.089712142944336 0.09747314453125 0.9665985107421875 0.386617521707876 0.803146471610663 -0.45330193501062 -0.00402564369610841 -0.49004829904426 -0.871685991746471 0 0 0 0 0 0
3.057323455810547 -0.215484619140625 0.6771354675292969 -0.875217814513822 -0.483220248704964 0.0221808512454571 0.187275359854668 -0.296205504117273 0.936584374497548 0 0 0 0 0 0
2.901765823364258 0.15143966674804688 0.37810516357421875 0.869262066992397 0.345709205977349 -0.353367562445312 -0.447981536767535 0.853127675496734 -0.267368209697365 0 0 0 0 0 0
2.394193649291992 -0.04164886474609375 0.18320465087890625 -0.401268285461537 -0.782083412904695 0.476790625567557 0.808917230566626 -0.0583857977755367 0.585016253665675 0 0 0 0 0 0
2.1444854736328125 0.09668350219726562 -0.02423095703125 -0.259040148867628 0.613814790344441 -0.745740980174499 -0.858356307413368 -0.500309548108474 -0.1136435502484 0 0 0 0 0 0
1.8856124877929688 -0.15789031982421875 -0.2450714111328125 -0.697221243801617 -0.384647244091897 0.604920707163472 0.541925505958716 0.269566717995165 0.79602175618931 0 0 0 0 0 0
1.6738300323486328 0.2994499206542969 -0.4704551696777344 0.740781204728872 0.352827391240579 -0.571625805816038 0.107587116904527 -0.902286165928756 -0.41749825318571 0 0 0 0 0 0
1.2205753326416016 0.15325927734375 -0.6562309265136719 -0.540090269659195 0.817285726980993 -0.20086452055678 0.446728391064184 0.076127628549879 -0.891424909062798 0 0 0 0 0 0
1.216543197631836 -0.007846832275390625 -1.1281471252441406 0.140744663947828 -0.313121176996961 -0.939226310655808 -0.989964504817649 -0.0323440327848451 -0.137564946289115 0 0 0 0 0 0
0.9998130798339844 0.17362213134765625 -1.3332672119140625 -0.0387836461121747 0.78691822115253 -0.615837292527673 -0.239578634670599 -0.605647824626736 -0.758810152294696 0 0 0 0 0 0
0.7010002136230469 -0.010807037353515625 -1.55499267578125 -0.807743776237557 0.035940071808571 0.588437197064804 -0.193108940367819 0.926942145098095 -0.321694339438922 0 0 0 0 0 0
0.6729354858398438 0.059123992919921875 -2.065692901611328 0.451347891359941 -0.846904909692791 -0.281135523100019 0.285062671905393 -0.161701959175193 0.944770785957936 0 0 0 0 0 0
0.22858047485351562 -0.14139556884765625 -2.2039260864257812 -0.770907307995402 0.625261091394707 0.1214516118633 0.232919948901294 0.454205723406423 -0.859910160818948 0 0 0 0 0 0
0.4663238525390625 -0.26996612548828125 -2.6204376220703125 0.831075748324157 0.498826869918901 -0.245936702810258 0.26229107594946 -0.741480420359861 -0.617584140351669 0 0 0 0 0 0
0.4886474609375 -0.7017898559570312 -2.0752105712890625 -0.973805223211127 0.204684491032409 0.0990335156121997 -0.0813875806599584 -0.720438777657609 0.688726370410035 0 0 0 0 0 0
0.06465911865234375 -0.4666557312011719 -2.227325439453125 0.148028457558032 0.871063917825404 -0.468332402160351 -0.020669051370515 -0.470721190771689 -0.882039918201707 0 0 0 0 0 0
-0.2818565368652344 -0.7187156677246094 -2.7862548828125 -0.617315238411667 -0.725102678085884 -0.305201589902756 -0.136856011003782 -0.283051803451506 0.949290328591899 0 0 0 0 0 0
-0.5439567565917969 -0.3681983947753906 -2.747570037841797 0.552355069934464 0.665739459816278 -0.501691980618869 0.335447002438528 -0.728463598324104 -0.59734083908737 0 0 0 0 0 0
-0.9047355651855469 -0.4102592468261719 -2.795787811279297 0.233439590574737 -0.939365148797731 0.251195278839128 0.419207153387817 0.33031634920038 0.845669228699485 0 0 0 0 0 0
-1.3471298217773438 -0.13754653930664062 -2.9107589721679688 -0.155287530165999 -0.119312288663859 -0.980637734000576 0.402482551688374 -0.914194812561922 0.0474937385096561 0 0 0 0 0 0
-1.7146339416503906 -0.12439727783203125 -2.9020423889160156 -0.51068212138848 -0.100215906615489 0.853909003960419 0.208695385291432 0.949031325398717 0.236190301227377 0 0 0 0 0 0
-1.9272727966308594 0.31304168701171875 -3.0195999145507812 -0.60567184251512 0.637878927916984 -0.47568066861075 0.220159069175747 -0.440128413093776 -0.870526836792327 0 0 0 0 0 0
-2.2957992553710938 0.22747039794921875 -2.810169219970703 -0.110202531941736 0.136277791627296 0.984522102479469 0.319325326501018 0.942894265958562 -0.0947719686374309 0 0 0 0 0 0
-2.5363540649414062 0.6642112731933594 -2.905078887939453 -0.434803578245369 -0.258603213806092 -0.862595053968075 0.339835767279348 -0.934174600006699 0.108763371200616 0 0 0 0 0 0
-2.8743209838867188 0.6217079162597656 -2.5414505004882812 -0.698964851818374 0.598072283184684 -0.392119523133408 0.454247507155457 -0.0522114256713652 -0.889344265470164 0 0 0 0 0 0
-2.7592697143554688 0.6218147277832031 -2.125865936279297 0.234705539566669 -0.190814952477586 0.953154232098704 -0.331244879996695 0.906157972917776 0.262972647066082 0 0 0 0 0 0
-3.1593704223632812 0.3306083679199219 -2.170452117919922 -0.6868514989093 0.23120267752 -0.689043086108906 -0.236475618894898 -0.967558935715771 -0.0889328782214415 0 0 0 0 0 0
-2.9864463806152344 0.13233184814453125 -2.4444351196289062 -0.679273812624652 0.262682427800493 -0.685262751216727 0.372479980748077 -0.68113741823138 -0.630325704560048 0 0 0 0 0 0
-2.519195556640625 0.06232452392578125 -2.166271209716797 0.518051517319482 0.799002168857068 0.305316639601462 -0.45621408004473 0.560046775497947 -0.691531926682254 0 0 0 0 0 0
-2.595256805419922 -0.36358642578125 -1.9022445678710938 -0.420179268696062 -0.62940706877439 0.653678912869991 0.204004431333585 0.636395175949295 0.743897415717006 0 0 0 0 0 0
-2.830554962158203 -0.5950088500976562 -2.263042449951172 -0.302633217373458 -0.385150444961074 -0.871821248214566 0.680024102225796 -0.72817170595728 0.0856342671053545 0 0 0 0 0 0
-2.4332046508789062 -0.4897346496582031 -2.3946762084960938 0.666468334647748 0.745252869480002 0.0204481077618948 0.0655131990266691 -0.0312219979831098 -0.997363130819348 0 0 0 0 0 0
-2.2378692626953125 -0.6160163879394531 -2.0089263916015625 0.187759273400579 -0.142473189289416 0.971827068883419 -0.949819901573193 -0.27835009917054 0.142700354254744 0 0 0 0 0 0
-2.4789772033691406 -0.9969902038574219 -1.9941635131835938 -0.963834452422896 -0.0712376425324068 -0.256804083344862 0.24741179446407 -0.597320702971545 -0.762886205674114 0 0 0 0 0 0
-2.339954376220703 -1.1933784484863281 -2.545398712158203 -0.451673851514047 0.45996890634603 -0.76447324887766 0.822890840816368 0.545860937449656 -0.157754656781078 0 0 0 0 0 0
-1.8216629028320312 -1.0729331970214844 -2.289043426513672 0.974247963902581 0.0558812402565291 0.218444963590992 -0.214604649048486 0.52704385651156 0.822295349210996 0 0 0 0 0 0
-1.9703598022460938 -1.3392524719238281 -1.9046783447265625 0.433684131303264 0.344199386087185 0.832733361460159 -0.10486513587971 0.937165693092871 -0.332751785205694 0 0 0 0 0 0
-2.4264297485351562 -1.7926521301269531 -2.2829933166503906 -0.920363250900756 0.310025743311248 -0.238360070192532 0.0776534391162336 -0.452494397810459 -0.888379851663293 0 0 0 0 0 0
-1.8479576110839844 -1.5787925720214844 -2.5894851684570312 0.652039884723002 0.722600112532158 0.229549753045645 -0.498071497156681 0.636507507950822 -0.588882847425847 0 0 0 0 0 0
-1.6213035583496094 -1.6765289306640625 -2.2868080139160156 -0.0857216657727058 0.723025363503721 0.68548240981943 0.492561241044634 0.628808157991964 -0.601650856750933 0 0 0 0 0 0
-1.3234100341796875 -2.144481658935547 -1.9131813049316406 0.983709127099679 -0.0308097266840206 0.177107693919022 -0.12406747153563 0.596597946546061 0.792892311046574 0 0 0 0 0 0
-1.2190361022949219 -1.7029647827148438 -1.6319427490234375 -0.693841366476679 0.520502072671558 0.497656249050213 0.236090219631653 0.817287331730929 -0.525645149443453 0 0 0 0 0 0
-1.1331520080566406 -1.8670425415039062 -1.22454833984375 0.835297537416123 0.271819002659904 0.477904236496608 0.533305724303846 -0.189275265593519 -0.824475524262082 0 0 0 0 0 0
-1.1558685302734375 -1.4660301208496094 -1.0697822570800781 0.29567525704401 -0.141327853806369 0.944776487297964 0.472375034324955 0.881252304994096 -0.0160081495956191 0 0 0 0 0 0
-1.1157073974609375 -1.0470542907714844 -1.2273101806640625 -0.630679429132944 0.472478261166492 0.615636077898832 -0.105716752912409 0.733598520835182 -0.671310116173107 0 0 0 0 0 0
-1.0665054321289062 -0.69244384765625 -1.1577377319335938 0.755495797275539 0.590827693669766 -0.283105566152884 0.246842385070106 -0.656976932751063 -0.712355411799148 0 0 0 0 0 0
-1.3828392028808594 -0.344573974609375 -1.2226524353027344 -0.971023497881637 -0.235607425883879 0.0400315380937283 0.181304504959599 -0.617124219297341 0.765693415340632 0 0 0 0 0 0
-1.3226432800292969 0.029460906982421875 -1.0924491882324219 0.95816553172013 -0.158125711420545 0.238568830413255 -0.0234583569316588 0.787340075884893 0.616072515965987 0 0 0 0 0 0
-1.6792182922363281 0.4007148742675781 -1.1068572998046875 -0.175279923008338 -0.0617701258714625 0.982578955551983 -0.943729609994041 0.294839001199878 -0.149814536384101 0 0 0 0 0 0
-1.5804367065429688 0.8704757690429688 -1.1081962585449219 0.301426997234034 0.347385277297775 -0.887955652870842 0.891573159157095 -0.432804153271106 0.133333720804559 0 0 0 0 0 0
-1.9441871643066406 0.9577598571777344 -0.8989906311035156 -0.659687621916048 -0.527920483640728 -0.534894588936089 -0.203907031497204 -0.559305183987604 0.803492158827143 0 0 0 0 0 0
-2.074230194091797 0.6663551330566406 -0.40187835693359375 -0.336284899204552 -0.196941184824743 0.920937906580225 -0.0764353937816511 0.980371429923213 0.181740216597227 0 0 0 0 0 0
-2.450061798095703 0.6482086181640625 -0.5078620910644531 -0.821954913891714 -0.0283452921473364 -0.568846780887776 0.544921877650861 -0.329674389507829 -0.770957158951693 0 0 0 0 0 0
-2.3004493713378906 0.4737396240234375 -0.8478507995605469 0.157618432646229 0.112438155672791 -0.981078022787473 0.883092964210415 -0.460664078270792 0.0890811046224891 0 0 0 0 0 0
-2.0335121154785156 0.16229629516601562 -0.6595611572265625 0.119617680932377 -0.633128251027927 0.764748465942109 -0.992256193649937 -0.102193724893187 0.0705979130072512 0 0 0 0 0 0
-2.498218536376953 0.1892242431640625 -0.3553886413574219 -0.069820906762055 0.265656397029809 0.961536130437153 -0.697550167942478 0.676053821820723 -0.237434255051636 0 0 0 0 0 0
-2.7861595153808594 0.035221099853515625 -0.5335960388183594 -0.851343039393139 0.501648006364039 -0.153506835145957 -0.00411641379145515 -0.298990460224827 -0.954247255857858 0 0 0 0 0 0
-2.5018463134765625 -0.04444122314453125 -0.9356765747070312 0.485225771624899 -0.446703657728233 -0.751672711582318 -0.0598112388050319 -0.87459789643677 0.481145728168707 0 0 0 0 0 0
-2.4103164672851562 -0.494415283203125 -0.6235580444335938 -0.0643830583768954 -0.566965772727039 0.82122144546601 -0.564378441080011 0.69936718428749 0.438591631595715 0 0 0 0 0 0
-2.8446807861328125 -0.54669189453125 -0.5844497680664062 -0.731930951599074 0.595848446007369 0.33051736585824 -0.110984027292158 0.374340441890352 -0.92062579494149 0 0 0 0 0 0
-3.0912132263183594 -0.5721282958984375 -0.9499168395996094 -0.165166344928693 0.741227032911538 -0.650617062107448 -0.71283254382147 -0.545619495480891 -0.440646257242845 0 0 0 0 0 0
-2.632640838623047 -0.9424209594726562 -1.1034393310546875 0.894595500462226 0.110532704219311 -0.432991250691029 0.211317735431286 -0.958384846794262 0.19194619355105 0 0 0 0 0 0
-2.7575912475585938 -1.2393074035644531 -0.5443649291992188 0.56610443962842 0.330662728766095 0.755107891949574 0.721626589275886 0.244007211887736 -0.647854579283261 0 0 0 0 0 0
-3.1014976501464844 -1.0226974487304688 -0.8509025573730469 -0.0403051216501152 0.977965991342383 -0.204836571984524 -0.377154593442715 -0.204728625626197 -0.903238953224145 0 0 0 0 0 0
-3.204174041748047 -1.4635238647460938 -1.1795158386230469 -0.0345903252874971 0.123788967262518 -0.991705502043995 -0.441198117734388 -0.892261563168936 -0.0959871165085925 0 0 0 0 0 0
-2.953094482421875 -1.6748619079589844 -0.6668853759765625 -0.758815905777578 -0.513393657567388 0.400781016995762 0.431842429760658 0.0640494474286822 0.89967207856546 0 0 0 0 0 0
-2.5882415771484375 -1.45947265625 -0.8783340454101562 -0.326395986840945 0.418762203742424 -0.847410117979932 0.63820969207683 -0.563673167695525 -0.524367222870118 0 0 0 0 0 0
-2.1947059631347656 -1.3977775573730469 -0.6082916259765625 0.853644752311903 -0.455587004714326 -0.252450243585164 0.403696469723004 0.27245692996875 0.873382157334041 0 0 0 0 0 0
-2.0633506774902344 -0.9167137145996094 -0.6427116394042969 -0.751822711377578 0.575957187682542 0.320992099609134 0.145167695924958 0.619459858686773 -0.771489354046832 0 0 0 0 0 0
-1.6393470764160156 -0.6915245056152344 -0.07843780517578125 0.819266313674297 0.183106933056183 -0.543391766423606 -0.122258478701405 -0.870074802125263 -0.477517299933353 0 0 0 0 0 0
-1.8437118530273438 -0.26969146728515625 -0.21504592895507812 -0.0729080490149671 0.471556550370214 0.878816734195909 0.775250802133259 0.581139966141419 -0.247512735373041 0 0 0 0 0 0
-1.4912834167480469 0.10546112060546875 -0.11534500122070312 0.933067246694923 -0.250545527865148 -0.258093876138376 0.0551958694502273 -0.609294741195862 0.791020436118492 0 0 0 0 0 0
-1.4817619323730469 0.4601287841796875 -0.11371612548828125 -0.997091842133808 -0.0628566051409956 -0.043091767286524 -0.074319785578728 0.927130757898887 0.367294308873483 0 0 0 0 0 0
-1.3988723754882812 0.9102554321289062 0.14375686645507812 0.0845201266112699 0.980519204148291 0.17730889321891 0.80017027096564 -0.172831492401315 0.574331640367953 0 0 0 0 0 0
-1.6211318969726562 0.9869842529296875 0.4815826416015625 -0.816432419146604 0.523940804574819 -0.242742978249561 0.188341960764062 0.639008448095462 0.745785187306065 0 0 0 0 0 0
-1.5161361694335938 0.4236412048339844 0.5719413757324219 0.143137901823515 -0.611069677943862 -0.778527708735336 -0.748116089425678 0.448190925955837 -0.489333451523959 0 0 0 0 0 0
-1.3650093078613281 0.23398590087890625 1.087158203125 -0.70097864692227 -0.51817784101155 -0.490021099841257 -0.713161812623812 0.504090693206507 0.487127140917291 0 0 0 0 0 0
-0.7070693969726562 0.3394927978515625 0.7683029174804688 0.946529431735033 -0.146919917823859 -0.287222165159264 0.25019417372744 -0.227781436506161 0.941019920589415 0 0 0 0 0 0
-0.8371429443359375 -0.07888031005859375 1.0287647247314453 -0.332899822393011 0.125815247786702 0.934531048607728 -0.332260851047764 0.911846545152421 -0.241119625045958 0 0 0 0 0 0
-1.1451911926269531 -0.06753921508789062 0.7635040283203125 -0.817059590177322 0.0365756368774711 -0.575391907957546 -0.544529746150574 -0.376927017250481 0.749275232275026 0 0 0 0 0 0
-0.9304847717285156 -0.09908294677734375 0.4648704528808594 0.61100547341556 0.783802029164109 0.11102579905847 0.79120868442463 -0.609202700054536 -0.0534878162609969 0 0 0 0 0 0
-0.7301559448242188 -0.56512451171875 0.5457763671875 0.977244491050984 -0.0499822276508152 0.206143140008221 0.193775978420346 -0.184936544029684 -0.963456982055096 0 0 0 0 0 0
-1.1908836364746094 -0.8480300903320312 0.827362060546875 -0.702938654186691 -0.686397188733767 0.186376333237773 -0.708503895419502 0.652749794902112 -0.268216193015232 0 0 0 0 0 0
-1.4242095947265625 -0.8609809875488281 0.4606170654296875 -0.807487668519767 0.38700254121916 -0.445188382396942 -0.271607773635411 -0.913869205232844 -0.301781857380129 0 0 0 0 0 0
-0.7885551452636719 -0.8509635925292969 -0.048671722412109375 0.602236018488106 0.764976308940091 -0.228304784870233 -0.267556171194193 -0.0760329392975845 -0.960537784298648 0 0 0 0 0 0
-0.6778793334960938 -1.0353927612304688 0.4585227966308594 0.47658157633501 -0.661796985618843 0.578700930411055 -0.640671366577078 0.189311317064976 0.744111179433308 0 0 0 0 0 0
-0.8973770141601562 -1.3035697937011719 0.4094352722167969 -0.658804430070426 -0.346406491395742 0.667816795564206 -0.51439045924764 0.85517531464223 -0.0638564832347165 0 0 0 0 0 0
-1.040985107421875 -1.173797607421875 -0.1529998779296875 -0.0248630224597911 0.0628397876195796 -0.997713887112463 0.989463597090946 -0.1408462080195 -0.033528447783295 0 0 0 0 0 0
-0.6842231750488281 -1.3519248962402344 -0.2900199890136719 0.938606093903543 0.342746349820841 0.0392881100541597 -0.134595460052473 0.468664651518665 -0.873062172511875 0 0 0 0 0 0
-0.8024215698242188 -1.7260551452636719 0.0050811767578125 -0.685838975849045 -0.214941386606171 0.695287774656167 0.123042245828879 0.90738794622303 0.401880204249363 0 0 0 0 0 0
-1.2631874084472656 -1.8270988464355469 -0.1436920166015625 -0.789860263011823 0.18694249709112 0.584100394122225 -0.388935992417711 0.583697680442982 -0.712759303593159 0 0 0 0 0 0
-1.5966758728027344 -1.6128692626953125 0.08318328857421875 -0.458350525007198 0.860098055984215 -0.223933392050862 -0.849887698192068 -0.497868001597852 -0.172680059128531 0 0 0 0 0 0
-1.7215995788574219 -1.5208549499511719 -0.3089485168457031 0.886800010847465 0.442953045019182 -0.13182690102202 -0.045786308274528 -0.199634874829814 -0.978800031923543 0 0 0 0 0 0
-1.55767822265625 -1.6569366455078125 -0.7777290344238281 -0.101979206676813 -0.913691609493474 -0.393405499360467 0.919784995624905 -0.2372478571837 0.312584423189514 0 0 0 0 0 0
-1.6727867126464844 -1.0385360717773438 -0.9112091064453125 -0.762838053853157 0.308766391617043 -0.56810339923944 -0.459876562285652 -0.87671444045447 0.141015498508579 0 0 0 0 0 0
-1.482757568359375 -0.6955375671386719 -0.7734756469726562 0.783616389310446 0.485807709643778 0.387216036134032 0.598476030255792 -0.423124292926093 -0.680288409823265 0 0 0 0 0 0
-1.6504249572753906 -0.3131599426269531 -0.7067451477050781 -0.969009311636244 -0.09078072517249 0.229738599415915 -0.230419943897767 0.667388778311149 -0.708165890335651 0 0 0 0 0 0
-1.4999885559082031 0.07992172241210938 -0.7053184509277344 0.598259663569439 0.493077801233557 -0.631632534834939 -0.0851152545546571 -0.744694075082197 -0.661956308271156 0 0 0 0 0 0
-1.3306846618652344 0.4157600402832031 -0.6535377502441406 0.653991676144682 -0.139638166237124 0.743502583710241 -0.744130029501451 0.058274826092493 0.665488252473845 0 0 0 0 0 0
-1.0021400451660156 0.7939224243164062 -0.8128662109375 0.341278058743847 0.604711429074566 -0.71962029468933 0.0104700584198971 -0.767982235013394 -0.640385545975148 0 0 0 0 0 0
-0.8747024536132812 1.022531509399414 -0.3996009826660156 -0.74514824203657 0.162810419163064 0.64672009692834 -0.339743842712926 0.741796585945735 -0.57819719102977 0 0 0 0 0 0
-0.6336746215820312 0.4672203063964844 -0.3598670959472656 -0.766617949541056 -0.638162770806812 0.0710296144197185 -0.276600609546326 0.428041621427423 0.860390901858443 0 0 0 0 0 0
-0.47601318359375 0.4281272888183594 -0.7747459411621094 0.952859213230415 0.300016462084025 -0.0452708893032117 0.297786779670023 -0.896122795386778 0.32906986939631 0 0 0 0 0 0
-0.21724700927734375 0.5757102966308594 -0.5673828125 0.0239158173650691 0.887982630179448 -0.459254709024276 0.172533715622702 -0.456159169244101 -0.87301257072806 0 0 0 0 0 0
-0.23088455200195312 0.3805351257324219 -0.25215911865234375 -0.2005710271596 -0.940481296799408 -0.274346856734886 -0.66596909992889 -0.0744937677832498 0.742250539146666 0 0 0 0 0 0
-0.24291229248046875 -0.02957916259765625 -0.5743446350097656 0.369106703411736 -0.411403744276368 -0.833370978134611 -0.0348054709987634 -0.902178771597705 0.429955968333173 0 0 0 0 0 0
-0.14194107055664062 -0.35678863525390625 -0.4371490478515625 -0.150013784460214 -0.904115549498633 0.4000886598202 -0.535919926169289 0.414420277479965 0.735558061104522 0 0 0 0 0 0
-0.060016632080078125 -0.6534042358398438 -0.9695014953613281 0.949595517445348 -0.0178002641284863 -0.312972114485422 -0.290807076328023 0.322753387600121 -0.900700613565058 0 0 0 0 0 0
-0.11431503295898438 -0.9506454467773438 -0.7116203308105469 -0.909966438150966 -0.413269372994709 -0.0341987123413978 0.414664991207871 -0.907575785111612 -0.0660244453666193 0 0 0 0 0 0
-0.07476806640625 -1.3388328552246094 -1.0363311767578125 0.61689949714031 -0.785372272843012 -0.0512390828917534 -0.773558931894845 -0.617043913288665 0.144441878204996 0 0 0 0 0 0
-0.536651611328125 -1.1622505187988281 -1.1351394653320312 -0.247343553344775 0.887812912098951 -0.388084266607331 0.860238127523298 0.0168974655490245 -0.509612431069699 0 0 0 0 0 0
-0.4966545104980469 -1.3605422973632812 -1.474639892578125 -0.872176708482803 -0.018274202266056 -0.488849529641312 0.112894976231119 -0.979846107932065 -0.164791963170643 0 0 0 0 0 0
-0.8331565856933594 -1.0526466369628906 -1.7154655456542969 -0.795408585574696 0.122716883054615 -0.593519797888946 0.606035358439168 0.150046708514147 -0.781157540678143 0 0 0 0 0 0
-0.9211616516113281 -0.7025337219238281 -1.7318954467773438 0.604077404866675 0.790081479344995 0.104220107111787 -0.640149392017035 0.558964598789427 -0.527036446233841 0 0 0 0 0 0
-1.2994461059570312 -0.4349517822265625 -1.8347511291503906 -0.910441328427855 -0.40959665391926 0.0576818234328093 -0.0486599091726367 0.244538336237376 0.968417915595318 0 0 0 0 0 0
-1.2815742492675781 0.07788467407226562 -1.7581253051757812 0.864614568409873 0.466142467479058 -0.187491004933272 -0.495871793696105 0.731557727233895 -0.467904372610117 0 0 0 0 0 0
-1.8015785217285156 0.098388671875 -1.7519607543945312 -0.948846783872276 -0.0432705790934299 0.312757809659194 0.229324203146679 0.586430327966891 0.776858989226735 0 0 0 0 0 0
-1.7304763793945312 0.5633316040039062 -1.7761878967285156 -0.193521133428954 0.50367644056032 0.841938005140849 0.152585343168037 0.863169863711412 -0.481306023828779 0 0 0 0 0 0
-1.4495697021484375 0.6561660766601562 -1.9990272521972656 0.295449073744702 0.30148174513939 -0.906542118353828 0.263520190778562 -0.937807478364589 -0.225996157821907 0 0 0 0 0 0
-1.136383056640625 0.94561767578125 -1.6968841552734375 0.539396480916919 -0.344825240148497 -0.768210258719283 0.0822306261769438 -0.886376294846723 0.455604218975402 0 0 0 0 0 0
-1.1782073974609375 1.4184341430664062 -1.6926231384277344 0.873786438505755 0.390566132410062 0.289750532775616 0.387264624928828 -0.198448854824926 -0.900357840447327 0 0 0 0 0 0
-0.7070159912109375 1.4909629821777344 -1.6392059326171875 0.962142268913957 -0.223004154575251 0.156688834188848 0.220781906871054 0.97480877645615 0.0316729697145972 0 0 0 0 0 0
-0.6160354614257812 1.2957801818847656 -1.9225730895996094 -0.275945075646834 0.880572714804597 -0.385286934433913 0.374075311137129 -0.270858906770452 -0.886962879401265 0 0 0 0 0 0
-0.41191864013671875 1.2452564239501953 -1.5167732238769531 0.639321796902457 0.738188346484102 0.215280382255053 -0.0576801670438218 0.325221130352475 -0.943877260045957 0 0 0 0 0 0
-0.4950218200683594 0.922454833984375 -1.4093589782714844 -0.517575062384442 0.0671396435380582 0.852999633741755 -0.0636040987455809 0.991139588418169 -0.116605756867464 0 0 0 0 0 0
-0.39220428466796875 0.5757827758789062 -1.8260421752929688 0.00166695389188933 -0.564186770946062 -0.825645512697697 -0.00824622672200064 -0.825626348920591 0.564157025145071 0 0 0 0 0 0
0.07761383056640625 0.3887939453125 -1.6628875732421875 0.851292710438514 0.465806084243915 0.241506566728019 0.333706811648562 -0.125470934958162 -0.934289500551562 0 0 0 0 0 0
-0.15645599365234375 0.47066497802734375 -1.1968955993652344 0.481152064513302 0.833217378547466 0.272472927477823 -0.346618203478514 0.466310442034408 -0.813886007681423 0 0 0 0 0 0
-0.5888328552246094 0.1927642822265625 -1.3503189086914062 -0.770536394934943 0.557923357558512 -0.308212912679518 -0.180839947744818 -0.655036713722732 -0.733637401787041 0 0 0 0 0 0
-0.3949089050292969 -0.26650238037109375 -1.6243934631347656 -0.212834749923981 -0.0879538122787384 -0.973121527718145 -0.917846833304913 -0.323517639297731 0.22998597848677 0 0 0 0 0 0
0.1359100341796875 -0.14303970336914062 -1.6276702880859375 0.0563216142252605 -0.577549034718545 0.814410822499348 0.839483091253093 -0.41416237487328 -0.351763649010171 0 0 0 0 0 0
0.4763031005859375 -0.3382453918457031 -1.5240936279296875 0.947531690940506 0.308638108827067 -0.0832239131454948 -0.204739526677413 0.386013345728212 -0.899486207082566 0 0 0 0 0 0
0.15216445922851562 -1.1405410766601562 -2.0848388671875 -0.290618869504082 -0.680282893735983 0.672871372642568 -0.681705455057829 0.640672089066871 0.35329455168308 0 0 0 0 0 0
-0.3168754577636719 -1.206634521484375 -2.0401992797851562 -0.105597690863064 0.340973463089522 -0.934123238739485 0.989196033988523 -0.060041102262475 -0.133739569240153 0 0 0 0 0 0
-0.6358528137207031 -0.9330482482910156 -2.1649398803710938 -0.959638067157836 -0.159648300167831 0.231532259401287 -0.271364059993218 0.309396653515667 -0.91139192977205 0 0 0 0 0 0
-0.7536048889160156 -0.4696617126464844 -2.1906509399414062 -0.177720254110462 0.0346111020075612 -0.983472213343547 -0.562943016359167 -0.82328735226582 0.0727539525397737 0 0 0 0 0 0
-1.2315025329589844 -0.3792991638183594 -2.3290443420410156 -0.723390462490978 -0.574338272389689 0.38319947978832 0.337530332068313 0.189994531316611 0.921941108393363 0 0 0 0 0 0
-1.3675804138183594 0.093048095703125 -2.3407554626464844 0.720346898607948 0.230220991767777 -0.654292465778982 0.193343059199566 -0.972567506237565 -0.129347939774101 0 0 0 0 0 0
-1.7425651550292969 0.08818435668945312 -2.3508224487304688 -0.247552146037172 -0.709458505041256 0.659838308012632 0.555383755289962 0.45413047199649 0.696645146498475 0 0 0 0 0 0
-1.8364410400390625 0.4817657470703125 -2.5548553466796875 -0.500170623179699 -0.118494464766277 -0.857781090803177 0.0658461355409894 -0.992929460967755 0.0987691793177607 0 0 0 0 0 0
-2.2393341064453125 0.874603271484375 -2.5023880004882812 0.497955040248763 0.747522262827354 0.439603527963644 -0.148218822603996 0.572825034476833 -0.806165432499415 0 0 0 0 0 0
-2.0595932006835938 1.1581649780273438 -3.166370391845703 -0.670547430748196 0.115139673156666 -0.732877212770378 0.0356249205228218 -0.981745455050611 -0.186833541472911 0 0 0 0 0 0
-2.0252723693847656 1.1669673919677734 -2.8043212890625 -0.151271981517658 -0.8862213669094 0.437868140515926 0.121950966003616 0.422850075314644 0.897956456785425 0 0 0 0 0 0
-1.6324615478515625 1.075876235961914 -2.7843551635742188 0.426188429505629 -0.393694033628915 0.814474322663929 0.364557457045207 0.898736032301004 0.243662517219272 0 0 0 0 0 0
-1.5188941955566406 1.3189697265625 -3.091838836669922 -0.0358518992023546 0.836075074516828 -0.547442366718119 -0.124992904579447 -0.547244466708028 -0.827587050520847 0 0 0 0 0 0
-1.3415145874023438 1.6036319732666016 -2.8485069274902344 0.684933406906971 -0.631479878421577 0.363454800048708 -0.372502574556964 0.125219169936212 0.919544448149776 0 0 0 0 0 0
-1.2264862060546875 1.4186363220214844 -2.5693397521972656 -0.147035045494428 -0.985508941453162 -0.0845744884738047 -0.988994608772338 0.14505489421783 0.0291336656202021 0 0 0 0 0 0
-1.2115516662597656 0.8587150573730469 -2.7633018493652344 -0.356513017405185 -0.526383265175869 -0.7718932097506 -0.553191025364141 0.78472096047342 -0.279629588224099 0 0 0 0 0 0
-0.8363990783691406 1.22393798828125 -3.1747093200683594 -0.516612724592995 -0.0526949355897812 -0.854596134434024 0.151666719542119 0.97668898368402 -0.151907461713492 0 0 0 0 0 0
-0.4039039611816406 1.2646827697753906 -2.577350616455078 0.289165538611487 0.9428885254356 0.165361766561338 0.254169208878443 -0.242164102686523 0.93635172236617 0 0 0 0 0 0
-0.5829734802246094 0.9809646606445312 -2.439411163330078 -0.990576220422601 0.0187752141314046 0.135669786436086 -0.00197906385055819 0.988494127562952 -0.151246532791632 0 0 0 0 0 0
-0.3001441955566406 0.6403732299804688 -2.8419761657714844 0.0988840552028723 -0.790753762932985 -0.604094719560489 0.918025495605177 -0.161767201954699 0.362022875376501 0 0 0 0 0 0
0.000614166259765625 1.0674209594726562 -3.087505340576172 -0.542223612446803 -0.339067593158591 -0.768782625032389 0.824961867264686 -0.388486888777132 -0.410506803450813 0 0 0 0 0 0
0.10198593139648438 1.3478145599365234 -2.653636932373047 0.283539502912836 0.382828060481967 0.879231494082273 -0.92072817687312 -0.147627555999391 0.361200418559653 0 0 0 0 0 0
0.22385025024414062 0.7295913696289062 -2.517578125 -0.310407048195015 0.136633001005549 0.940733201379208 -0.864803735038255 -0.451452932185005 -0.219783660066457 0 0 0 0 0 0
0.33902740478515625 0.8708076477050781 -3.2017250061035156 0.747123756031776 -0.650633275828167 -0.135950361847513 0.0522560613960637 0.261395938086533 -0.963816134565233 0 0 0 0 0 0
0.043811798095703125 0.5451278686523438 -2.8644790649414062 -0.946329782924579 0.106556150484819 0.30513239289991 -0.206222811593037 -0.926007241437313 -0.316200532683369 0 0 0 0 0 0
-0.23900222778320312 0.2519340515136719 -3.193042755126953 0.11453857008199 -0.582298154133972 -0.804866315278272 -0.435540600314731 0.698745029327476 -0.567503115625895 0 0 0 0 0 0
-0.5032997131347656 0.006725311279296875 -2.9624862670898438 -0.296341069093777 0.324038842040046 0.898432411601117 -0.136913754598146 -0.945383237331644 0.295812703499215 0 0 0 0 0 0
-0.847869873046875 -0.1793975830078125 -3.3965606689453125 -0.0264748926303037 -0.000874166846409626 -0.999649123972491 0.730210835074327 0.682931040824193 -0.01993626016645 0 0 0 0 0 0
-1.3023109436035156 -0.11301040649414062 -3.2930641174316406 -0.934671213078909 -0.117058553350482 -0.335688885450735 0.244356618236621 0.474306943294097 -0.845767592973789 0 0 0 0 0 0
-1.2673110961914062 -0.6605606079101562 -3.136871337890625 -0.361354797279943 -0.735376685827988 0.573274674879422 -0.293553152231003 0.673277076201022 0.678619597023088 0 0 0 0 0 0
-1.1267967224121094 -0.9577713012695312 -3.4877967834472656 0.639891730161352 -0.0578222104564529 0.766286622163273 0.198200379634945 0.975846308365909 -0.0918731824858957 0 0 0 0 0 0
-1.5599937438964844 -1.2959480285644531 -3.3836402893066406 0.0810953442563077 -0.938476705220812 -0.335685910139078 0.41744773548554 -0.2738516188633 0.866454093621314 0 0 0 0 0 0
-1.2262687683105469 -1.4445762634277344 -3.461101531982422 0.777644676408498 -0.543671580190813 -0.315737226615147 0.628176668185256 0.69246963329436 0.354795609962799 0 0 0 0 0 0
-0.9588470458984375 -1.3032112121582031 -3.1553421020507812 -0.504155787677417 0.586609002983693 0.633811335851256 -0.436638443011293 0.460053470620754 -0.773109086801808 0 0 0 0 0 0
-1.3016128540039062 -1.890533447265625 -2.779521942138672 0.41673401828611 -0.844107195446619 -0.337365993864855 0.897866968189553 0.324240647186713 0.297830384585815 0 0 0 0 0 0
-0.8850898742675781 -2.141590118408203 -2.9313621520996094 0.670852272983273 0.476374542825881 -0.568352465940535 0.329501271051429 -0.878062428013821 -0.347038054661593 0 0 0 0 0 0
-0.7378273010253906 -1.8312568664550781 -2.742450714111328 -0.0013454914267569 0.667880500631983 -0.744267385327468 -0.146285361036958 -0.73639298992973 -0.66054979847466 0 0 0 0 0 0
-9.280471801757812 7.915956497192383 -10.518768310546875 0.7996040285802265 -0.4937575141955625 0.34181415221387657 -0.5988049109989575 -0.6124713034379029 0.5160538547754557 0 0 0 0 0 0
-9.380058288574219 7.440250396728516 -10.503776550292969 0.3888128312505605 0.17203322695435028 0.9051127836234534 -0.7356430917285915 -0.5334772585534121 0.41741017740148023 0 0 0 0 0 0
-9.493209838867188 7.054264068603516 -10.2388916015625 -0.1963606065917477 0.7424843713697821 0.6404369371378735 -0.5605280416880182 -0.620906280003868 0.5479814832028121 0 0 0 0 0 0
-9.509708404541016 6.8531494140625 -9.785140991210938 -0.6995516357932628 0.7101279280252742 0.07966074753290424 -0.455091563481707 -0.5286897260774283 0.716504600395524 0 0 0 0 0 0
-8.928993225097656 6.122331619262695 -9.538162231445312 0.5529217325332143 0.6313853489811259 0.5437187681002474 0.5135635828675666 -0.772095214538589 0.3743279658786377 0 0 0 0 0 0
-8.487361907958984 5.822713851928711 -9.538703918457031 -0.16436491032874434 0.4484820793751007 0.8785488038418866 0.4823486174634775 -0.7403671180624778 0.46818408956620156 0 0 0 0 0 0
-8.182441711425781 5.439630508422852 -9.307262420654297 -0.43894730063897 0.46625574123643865 0.7680695613196898 0.650375510350352 -0.4249304926344693 0.62963939835905 0 0 0 0 0 0
-7.8944244384765625 5.503049850463867 -9.175437927246094 -0.5742066734199309 -0.52833498932842 0.6254189278006821 0.8064519866066732 -0.2333052960210516 0.5433266348585167 0 0 0 0 0 0
-7.660335540771484 5.5313720703125 -8.647476196289062 -0.22729854100629848 -0.970563053484602 0.07964127364032889 0.6966936391723475 -0.10492852062767179 0.7096534215345398 0 0 0 0 0 0
-7.611156463623047 5.456264495849609 -8.117073059082031 0.011110353567202767 -0.877565343262173 -0.4793283095632432 0.5021926463024393 -0.4096218648650667 0.7615855000091705 0 0 0 0 0 0
-7.696022033691406 5.130048751831055 -7.859058380126953 0.72629867627052 -0.4376360080978496 -0.5300612768952937 0.45532197332754515 -0.27138811359798587 0.8479565981834432 0 0 0 0 0 0
-7.6294403076171875 4.681554794311523 -7.579730987548828 0.878614650708344 0.35645648817989745 -0.31776574326869955 0.4194281713940106 -0.25792866481038257 0.8703750989718225 0 0 0 0 0 0
-7.248954772949219 4.402399063110352 -7.3730621337890625 0.43392419679010136 0.8967782628321317 0.0865941034473433 0.47082367122123453 -0.3076586718987145 0.826844128130132 0 0 0 0 0 0
-6.912651062011719 4.255241394042969 -6.939002990722656 0.2315707280738466 0.9438114106974839 -0.2357859600073216 0.6199831827821564 0.04359502432393461 0.7834030424510126 0 0 0 0 0 0
-6.504905700683594 4.337976455688477 -6.6954498291015625 -0.5401792605049028 0.7974658354763289 0.26880217217949914 0.6132506751730352 0.15427725190464658 0.7746755055793147 0 0 0 0 0 0
-6.105537414550781 4.606365203857422 -6.446529388427734 -0.7826719274447471 0.2575400626380899 0.5666548950872069 0.6065059312098392 0.11091582161593634 0.7873044112175086 0 0 0 0 0 0
-5.9681243896484375 4.976627349853516 -6.138874053955078 -0.5967912171085411 -0.564485450737689 0.5702599574646413 0.5521319949780439 0.2267948157940753 0.8023181237205707 0 0 0 0 0 0
-5.955268859863281 5.183198928833008 -5.617549896240234 -0.020237008198490204 -0.9905643579457025 0.13554599317867166 0.4765803157343031 0.10962243738063368 0.8722695247899706 0 0 0 0 0 0
-5.8570556640625 5.1807708740234375 -5.125843048095703 0.1197813805416329 -0.9337130274434436 -0.337390579681679 0.39705877651335325 -0.26642116144518146 0.8782733587715842 0 0 0 0 0 0
-5.779518127441406 4.729707717895508 -4.756050109863281 0.18980975847509668 -0.7138584512895367 -0.6740759357150572 0.44024193940792905 -0.5517885130536563 0.7083194700475066 0 0 0 0 0 0
-5.875324249267578 4.338224411010742 -4.377361297607422 0.7975037877024581 -0.27811305481462406 -0.5353884919774708 0.31431926230532276 -0.5659329408819365 0.7621832507793389 0 0 0 0 0 0
-5.891700744628906 3.8651161193847656 -4.212955474853516 0.9226852379404821 0.3830272405868937 -0.044069089565203126 0.2721991474435446 -0.5661920030770207 0.7780322871080857 0 0 0 0 0 0
-5.604251861572266 3.5063934326171875 -4.081634521484375 0.3073984371351518 0.8156792209279166 0.4900751058697974 0.27989186664722815 -0.5697328709529703 0.7726998115312418 0 0 0 0 0 0
-5.1553497314453125 3.231616973876953 -3.844310760498047 -0.32679497695020837 0.6813704356424998 0.6549346322133703 -0.08573614240787783 -0.7114985980350074 0.6974374946038068 0 0 0 0 0 0
-5.049980163574219 3.117969512939453 -3.3887901306152344 -0.9060432773121647 0.312579494756354 0.28527116765508265 -0.02874256238366558 -0.7180026189724733 0.6954466940436848 0 0 0 0 0 0
-4.248313903808594 3.195302963256836 -4.138309478759766 0.10318751107379606 -0.14837257830740472 -0.9835333830454401 0.5691812591513935 0.819721756694652 -0.06394478737370257 0 0 0 0 0 0
-3.521198272705078 3.5755176544189453 -3.6694984436035156 0.3828536799167024 0.8878400202357773 0.25527075477221006 0.3000611308228024 -0.38085419283915495 0.8745932777961289 0 0 0 0 0 0
-3.091228485107422 3.4852371215820312 -3.398193359375 -0.3842175630207257 0.753800945877251 0.5330675363037749 0.4769061958563523 -0.33234418551557354 0.8137000815459053 0 0 0 0 0 0
-2.7127952575683594 3.5939064025878906 -3.027027130126953 -0.8833836207937179 0.05317239069552056 0.4656243930262929 0.44061329451643433 -0.24426236746724206 0.8638262675646486 0 0 0 0 0 0
-2.6136512756347656 3.803312301635742 -2.5856246948242188 -0.5502399414628593 -0.8124424294705521 0.19280380083114593 0.6029065182749115 -0.2268086045289608 0.7648931867478292 0 0 0 0 0 0
-2.3410606384277344 3.7447509765625 -2.1632614135742188 -0.6260575479923041 -0.7795225663829717 -0.019912686950019513 0.35546133072946157 -0.3080241398552003 0.8824785389019411 0 0 0 0 0 0
-2.4919395446777344 3.566801071166992 -1.6893386840820312 0.29981696393766843 -0.8648324180203424 -0.40270917158203207 0.34176287987563947 -0.2967423908031408 0.8917074001260421 0 0 0 0 0 0
-2.5265846252441406 3.2763710021972656 -1.2878952026367188 0.7670025982693046 -0.4587748612680373 -0.4485896130280202 0.21169098935618655 -0.4790506825548165 0.8518787287925221 0 0 0 0 0 0
-2.5274276733398438 2.9141807556152344 -1.0338516235351562 0.962685375771347 0.15078526401823536 -0.22472354445169174 0.26861708993807026 -0.4314911059407269 0.8611970067802439 0 0 0 0 0 0
-2.360107421875 2.7063522338867188 -0.6322441101074219 0.855693905178492 0.31976226281882897 -0.4068661154696521 0.5170898104389982 -0.4977318331806075 0.6963340794323033 0 0 0 0 0 0
-2.0933456420898438 2.3235321044921875 -0.5638198852539062 0.6527906877437566 0.6997591923038442 0.29017475903548984 0.4561539171947434 -0.6689181881989826 0.5869174229178087 0 0 0 0 0 0
-1.6357269287109375 2.0604782104492188 -0.4575691223144531 -0.15712758684648487 0.7497082071479299 0.6428440911969535 0.4055571021035705 -0.5445268892929529 0.7341756627472027 0 0 0 0 0 0
-1.2148361206054688 1.9613838195800781 -0.09258270263671875 -0.8097932081345751 0.44297203872955704 0.3847216304848126 0.28134531490864406 -0.2822327887761601 0.9171638167299162 0 0 0 0 0 0
-1.0445022583007812 2.1282730102539062 0.3063697814941406 -0.8927759328905509 -0.3667081865053033 0.26167965072087324 0.3372288381277178 -0.1588478413080084 0.9279246057987768 0 0 0 0 0 0
-1.0423469543457031 2.2574939727783203 0.7509765625 -0.47448078124990894 -0.8754429336200409 0.09201987936969372 0.21842010132576678 -0.01582044578848753 0.9757265871297631 0 0 0 0 0 0
-1.107635498046875 2.2549610137939453 1.3547554016113281 0.1604553979342381 -0.9665327725134104 -0.20017108914952098 0.4005444013245494 -0.12158995170985498 0.9081740285929528 0 0 0 0 0 0
-1.1692466735839844 1.9909515380859375 1.7906169891357422 0.8505724107062125 -0.44181814621979626 -0.2851724036724542 0.21563614526807648 -0.20155889805344568 0.9554449557506731 0 0 0 0 0 0
-1.1941184997558594 1.657571792602539 2.161520004272461 0.9114727934196601 0.23920975231331765 -0.3346580960532148 0.3805038391089763 -0.18113155113118962 0.90686723924075 0 0 0 0 0 0
-0.9686508178710938 1.4013290405273438 2.5649757385253906 0.648367115395635 0.7537580045821904 -0.10709320334091259 0.4820030939872844 -0.2975206319491716 0.8241083004989397 0 0 0 0 0 0
-0.5214080810546875 1.2592239379882812 2.8471946716308594 0.046186360492113984 0.9951334403160983 0.08704169155720098 0.5033056401102913 -0.09844868478384543 0.8584819678347945 0 0 0 0 0 0
-0.11036300659179688 1.3403549194335938 3.092172622680664 -0.68825887659197 0.6102004456187645 0.39237116988767234 0.3535043113115808 -0.19021029230530445 0.9158901389278388 0 0 0 0 0 0
1.086343765258789 0.9658279418945312 3.5201854705810547 0.7904920529859298 -0.4088311334369316 -0.4560476055180683 0.055573006940659 0.7894073449467428 -0.6113490693897456 0 0 0 0 0 0
1.3432064056396484 1.3078365325927734 3.332246780395508 -0.22130974579409615 -0.5693580879309761 -0.7917407177379067 -0.23526992181292816 0.8190633578073075 -0.5232430408400646 0 0 0 0 0 0
0.5642814636230469 1.8200225830078125 4.526340484619141 -0.5634220634294029 -0.7983886809884955 0.2124407976599702 0.8258826618520547 -0.5510597433979474 0.11937750231242523 0 0 0 0 0 0
0.7918853759765625 1.5597610473632812 4.893701553344727 -0.32972312887267546 -0.8109706961410675 -0.4833313442007308 0.7156527375268017 -0.5486074343988642 0.4322858339023968 0 0 0 0 0 0
0.9368400573730469 1.0709457397460938 5.190385818481445 0.26278968153348287 -0.25293345915084225 -0.9311102236156146 0.8064319468591088 -0.4722430143622016 0.35588488373507676 0 0 0 0 0 0
1.3705997467041016 0.7526359558105469 5.169157028198242 -0.09468538672290808 -0.03961556090516796 -0.9947186963535483 0.7029037129846035 -0.7102356567043808 -0.03862230208254369 0 0 0 0 0 0
1.4720211029052734 0.15441513061523438 5.070070266723633 0.2963591190335896 0.5115891484107378 -0.8065034505778702 0.829500943599971 -0.5564260718044552 -0.04814780558884327 0 0 0 0 0 0
1.731954574584961 -0.18440628051757812 4.794445037841797 0.6957161868539796 0.7179273011523842 0.02365116507515825 0.718179590636701 -0.6958496357739701 -0.003370457852224229 0 0 0 0 0 0
